ID,Ind1,Ind2,Ind3,Ind4,Ind5,Ind6,Ind7,Ind8,Ind9,Ind10,Ind11,Ind12,Ind13,Ind14,Ind15,Ind16,Ind17,Ind18,Ind19,Ind20,Ind21,Ind22,Ind23,Ind24,Ind25,Ind26,Ind27,Ind28,Ind29,Ind30,Ind31,Ind32,Ind33,Ind34,Ind35,Ind36,Ind37,Ind38,Ind39,Ind40,Ind41,Ind42,Ind43,Ind44,Ind45,Ind46,Ind47,Ind48,Ind49,Ind50,Ind51,Ind52,Ind53,Ind54,Ind55,Ind56,Ind57,Ind58,Ind59,Ind60,Ind61,Ind62,Ind63,Ind64,Ind65,Ind66,Ind67,Ind68,Ind69,Ind70,Ind71,Ind72,Ind73,Ind74,Ind75,Ind76,Ind77,Ind78,Ind79,Ind80,Ind81,Ind82,Ind83,Ind84,Ind85,Ind86,Ind87,Ind88,Ind89,Ind90,Ind91,Ind92,Ind93,Ind94,Ind95,Ind96,Ind97,Ind98,Ind99,Ind100
SNP1,31,9,30,22,21,7,0,22,24,20,10,30,17,0,24,0,31,2,13,3,4,5,5,0,8,4,6,10,0,15,9,17,1,11,17,13,25,27,27,8,18,24,0,4,17,6,25,19,27,17,29,24,23,2,28,1,18,11,16,22,8,3,21,31,30,21,4,27,4,31,3,4,20,3,1,15,10,1,27,10,6,17,28,31,6,27,31,7,30,8,30,8,7,17,12,28,3,27,26,24
SNP2,16,2,23,3,14,29,13,11,13,20,31,3,25,14,3,10,6,14,4,6,29,4,2,0,21,12,17,31,1,12,8,18,25,18,17,22,8,11,4,21,24,16,17,15,17,9,11,2,12,30,13,1,22,11,23,29,6,31,18,29,18,24,1,4,16,7,11,16,14,31,22,21,10,0,17,25,23,11,24,1,25,3,6,0,31,31,24,3,30,31,20,22,23,2,6,19,30,9,6,17
SNP3,31,22,4,8,19,3,10,21,22,21,2,18,31,19,9,19,15,2,12,14,28,9,22,16,8,15,25,30,4,27,5,22,29,18,27,20,20,29,27,25,5,8,26,0,3,9,0,10,17,29,18,21,18,27,13,5,17,9,4,7,15,31,16,6,14,6,18,31,23,1,8,20,14,26,0,19,4,18,31,18,12,17,4,11,14,17,24,12,2,3,5,8,31,7,7,26,10,16,24,26
SNP4,18,11,20,31,21,27,23,8,12,21,23,25,1,16,6,8,28,31,23,22,24,31,6,15,29,6,0,26,24,19,10,29,7,30,9,3,1,30,1,9,24,15,8,25,23,8,23,0,25,8,18,14,31,28,30,15,24,23,11,14,7,21,24,23,27,7,19,6,2,12,31,28,10,20,22,21,11,29,10,27,2,11,25,28,0,2,4,16,3,4,9,14,30,21,10,4,31,21,3,18
SNP5,18,25,2,19,0,15,13,4,21,27,13,14,16,25,4,16,13,2,7,14,14,21,14,15,23,23,20,14,28,19,26,2,9,18,31,11,16,25,9,0,20,23,0,15,8,0,24,23,5,2,8,3,28,17,18,25,28,20,4,8,22,5,31,18,24,18,0,23,4,17,24,20,9,3,17,21,2,31,24,11,29,22,6,21,9,17,27,8,12,31,21,6,7,29,3,15,9,3,12,3
SNP6,27,1,31,18,15,21,1,0,11,18,0,3,13,26,1,31,9,10,30,19,31,23,8,17,5,23,29,31,13,27,19,17,20,12,9,13,22,9,27,14,7,16,14,5,22,14,14,2,6,14,9,28,27,25,13,27,15,14,23,13,13,12,13,27,12,13,7,3,21,29,24,30,10,14,1,4,25,8,15,19,4,20,24,1,12,19,14,9,12,20,31,23,13,0,26,23,15,5,17,16
SNP7,12,23,0,0,21,21,6,24,16,14,18,12,21,14,10,26,9,17,21,19,14,14,24,14,8,2,25,22,10,17,5,14,18,24,13,10,21,9,15,9,20,30,7,27,29,11,27,24,5,14,0,21,19,10,3,1,7,4,31,6,5,4,18,23,25,28,5,13,29,4,8,27,16,8,3,7,27,0,24,16,15,28,27,13,26,30,15,19,30,13,28,9,12,1,20,15,31,11,24,17
SNP8,15,7,26,6,12,14,19,25,29,6,8,1,7,10,17,3,2,0,24,21,12,2,1,4,17,18,14,17,4,8,7,22,15,4,13,31,8,13,22,28,15,20,4,3,7,21,1,11,3,7,26,2,23,12,4,24,25,31,11,25,12,2,27,3,2,9,3,16,18,31,8,30,13,24,6,25,11,8,17,15,31,12,29,6,19,20,30,16,5,28,15,11,27,24,1,7,7,29,17,2
SNP9,0,16,12,18,5,1,14,28,4,12,8,26,16,12,29,17,29,28,27,21,3,7,9,9,24,30,26,13,25,0,13,28,25,27,25,20,5,4,16,3,11,14,21,1,2,29,0,21,22,6,8,10,19,5,30,0,6,10,12,25,22,11,9,20,17,25,11,1,27,28,16,7,11,21,12,15,6,31,21,12,20,7,2,16,8,8,26,28,17,4,0,26,10,20,3,4,28,10,1,0
SNP10,20,14,8,9,31,21,16,19,4,31,9,30,31,19,24,23,26,30,29,6,13,4,9,4,22,28,17,23,7,28,20,17,6,6,29,9,8,4,0,31,7,29,15,2,30,27,24,16,11,10,30,9,15,19,11,27,13,11,21,12,5,28,10,20,27,24,30,22,4,13,18,15,24,22,0,18,8,5,14,15,25,9,9,2,11,22,10,1,6,6,19,2,9,27,31,0,5,26,27,6
SNP11,23,1,13,9,3,11,10,30,21,0,25,1,31,15,12,23,8,24,12,14,17,18,10,7,2,0,9,21,10,18,11,24,8,8,26,22,3,16,2,18,13,30,19,29,25,1,1,13,16,31,14,19,19,1,22,17,7,23,5,6,12,22,12,14,16,27,22,25,19,28,13,17,29,22,30,11,29,13,15,4,30,22,21,25,22,6,24,27,14,22,8,20,7,30,24,19,20,21,13,19
SNP12,2,17,23,8,4,11,27,29,8,31,5,27,16,1,23,20,4,9,26,1,24,4,16,30,16,30,20,26,22,21,19,9,31,25,15,20,20,14,27,4,17,0,10,9,15,31,9,16,14,5,13,10,19,17,26,2,13,30,26,1,25,3,17,19,10,19,18,8,12,4,31,0,29,31,25,16,6,2,7,5,6,30,16,30,24,28,31,7,4,14,1,18,22,15,6,1,18,1,26,12
SNP13,5,17,21,2,30,4,20,24,9,26,7,29,21,12,15,23,14,5,18,1,25,22,6,28,31,17,10,2,8,23,0,15,6,5,14,29,28,23,30,12,9,4,27,29,5,26,14,27,30,8,24,3,4,25,9,14,29,21,8,18,3,27,2,14,24,1,20,0,14,19,29,0,21,19,28,1,14,26,27,14,25,11,6,23,22,5,6,31,7,26,22,25,12,13,16,29,23,21,29,11
SNP14,13,25,1,18,22,4,31,8,27,18,6,7,18,16,16,10,1,8,16,0,20,30,18,20,9,31,7,5,27,30,14,18,9,18,19,30,8,10,21,9,17,12,22,21,26,14,14,2,7,10,20,2,22,23,12,12,30,19,10,10,17,15,27,19,14,11,15,30,22,2,21,7,18,4,5,4,9,10,23,20,26,9,29,8,14,18,15,0,31,23,11,23,25,15,19,11,30,10,5,11
SNP15,19,18,8,7,5,6,9,31,21,14,8,19,1,18,7,23,12,21,6,26,22,5,22,14,17,0,18,8,11,21,2,1,12,5,16,20,11,29,18,3,7,23,30,13,28,0,20,12,20,16,25,2,31,8,3,9,30,6,19,1,13,0,5,22,8,25,28,24,1,18,15,11,16,10,16,11,0,7,29,31,17,9,21,9,0,13,22,7,14,18,13,25,21,18,5,2,5,22,9,29
SNP16,1,6,7,31,24,29,20,27,25,26,17,12,7,15,15,21,29,17,10,24,16,1,5,0,4,25,17,6,9,15,8,10,0,9,24,26,1,2,27,11,4,25,30,15,31,21,6,22,0,6,23,9,23,27,25,4,5,0,10,17,15,4,0,23,20,15,27,30,2,28,11,10,17,18,7,22,30,25,14,21,18,29,26,1,10,15,17,1,5,9,10,27,19,30,14,9,3,19,1,31
SNP17,2,8,14,14,16,15,19,0,26,21,22,22,30,28,3,0,22,26,7,19,25,20,19,15,31,0,10,31,31,9,12,4,31,16,7,22,15,3,27,5,24,31,13,2,1,12,7,24,2,29,5,8,19,0,19,0,25,14,15,11,30,22,30,25,25,7,31,26,22,29,3,24,14,28,9,17,19,11,1,18,1,16,22,12,6,10,9,29,29,10,0,5,2,20,1,10,31,23,20,21
SNP18,21,10,6,1,15,23,18,3,7,19,18,17,3,14,17,14,14,11,10,12,7,17,12,7,15,2,19,12,8,15,16,31,3,26,7,4,19,2,5,14,20,15,17,13,14,26,4,26,31,8,16,18,31,26,4,20,8,6,7,12,28,25,19,20,26,14,20,29,14,7,23,28,3,7,1,14,0,23,28,7,1,7,9,28,8,12,29,5,1,18,21,10,13,19,26,6,15,12,15,11
SNP19,30,29,5,21,23,22,24,4,6,12,0,24,30,26,23,30,18,12,18,19,4,5,14,10,26,3,29,8,8,16,2,10,2,8,30,12,23,11,10,7,15,27,27,16,15,1,10,15,28,15,10,9,21,26,17,23,17,9,23,3,31,1,4,22,6,2,24,24,3,28,12,6,21,31,6,25,13,21,3,24,10,18,0,2,8,17,15,12,0,29,28,11,6,15,21,31,22,4,29,1
SNP20,22,18,26,27,25,28,10,7,16,3,8,13,24,0,20,31,26,19,8,3,12,21,6,15,24,5,1,2,19,26,9,3,0,31,24,8,7,22,7,18,29,24,3,17,27,20,25,3,10,1,14,30,20,25,29,4,0,6,17,16,3,10,21,21,27,23,18,12,17,4,22,21,20,5,29,23,22,0,26,9,28,0,25,9,16,3,13,6,25,12,29,0,13,2,5,25,9,16,26,18
SNP21,22,29,7,8,22,3,3,20,10,23,24,5,22,0,22,17,21,7,12,19,26,4,21,25,21,19,14,26,15,8,20,2,11,3,28,21,0,8,23,5,2,18,7,12,12,5,30,28,31,22,8,28,20,18,18,5,23,30,30,16,0,13,23,26,20,27,23,6,3,20,22,7,10,3,25,26,22,24,31,19,14,17,29,6,7,24,14,5,18,16,11,12,9,11,18,13,13,7,30,15
SNP22,26,9,28,21,4,27,11,28,31,7,10,9,2,15,23,29,19,25,5,15,20,15,0,21,12,14,8,7,17,23,19,10,18,28,21,6,4,9,9,10,21,11,9,0,30,1,20,24,18,6,23,16,31,13,18,5,4,13,8,31,19,18,16,24,2,17,0,5,7,24,25,9,8,31,31,10,9,10,10,17,23,5,9,29,28,16,24,6,11,28,12,26,28,12,6,24,30,18,13,31
SNP23,4,1,1,14,2,7,11,21,18,1,8,3,17,25,29,18,10,16,10,19,0,9,0,21,8,16,0,17,13,16,16,26,27,0,2,12,5,29,0,24,17,22,12,10,19,20,12,1,23,0,2,5,3,7,10,26,1,28,7,13,10,24,25,6,20,7,29,23,31,1,24,18,17,13,20,24,4,17,11,22,3,30,31,26,18,7,29,20,28,5,0,26,1,4,21,13,8,23,11,15
SNP24,26,26,16,5,15,31,9,7,11,29,18,22,0,9,2,5,7,29,24,30,30,10,2,13,4,4,30,31,11,11,17,14,15,7,24,20,11,1,19,23,12,27,24,8,29,9,29,11,10,29,2,26,23,16,29,8,26,14,3,11,20,14,21,22,13,9,0,30,17,4,14,11,12,11,29,8,3,18,24,3,3,21,1,29,10,26,19,30,14,6,7,31,12,5,5,30,17,7,13,29
SNP25,30,4,11,25,9,28,8,17,19,11,11,28,9,20,27,30,20,9,6,2,26,16,27,14,9,4,13,3,1,2,21,3,15,5,15,14,12,7,29,7,0,31,25,3,16,14,10,3,9,19,1,14,28,3,13,30,16,9,7,15,27,5,24,21,6,10,7,25,15,3,28,17,29,5,27,9,5,12,13,18,2,10,0,26,2,28,16,16,25,25,17,9,22,28,30,27,23,14,13,6
SNP26,23,28,29,12,8,6,13,29,4,2,3,10,9,8,15,29,9,11,16,6,18,10,8,11,0,5,2,2,22,9,16,31,18,9,23,2,18,15,23,23,10,14,25,7,27,23,19,13,10,0,31,17,19,26,18,23,1,7,17,22,3,3,7,15,2,21,11,29,10,23,18,19,9,3,20,31,21,1,21,25,28,24,7,29,26,17,19,23,30,7,30,30,22,9,19,31,8,27,0,25
SNP27,3,5,14,11,18,13,26,9,18,4,9,9,24,5,19,22,26,21,21,27,11,22,17,2,3,19,30,9,17,20,6,24,30,25,17,31,19,29,13,22,1,19,3,0,11,5,31,4,21,18,20,2,21,24,5,15,29,3,30,0,20,13,16,4,25,26,21,19,8,0,30,19,24,22,3,26,10,30,15,28,0,29,5,2,5,11,1,31,17,2,12,11,29,3,6,18,26,26,21,14
SNP28,6,25,21,28,2,27,20,14,25,8,20,18,14,7,20,7,7,22,9,9,30,13,27,14,22,0,14,2,1,13,9,0,1,17,0,24,14,15,4,27,24,22,14,4,12,4,2,1,26,27,12,28,9,31,12,2,17,25,30,27,24,16,12,14,3,19,11,20,27,17,19,8,13,20,0,29,12,25,7,22,23,20,6,8,9,23,3,23,5,30,18,7,21,15,0,22,22,15,8,20
SNP29,24,19,18,8,8,10,7,1,29,11,0,17,6,12,26,17,25,0,15,20,8,3,24,10,17,20,29,7,24,16,24,13,12,5,15,14,13,11,17,9,23,26,20,4,25,3,29,24,17,3,14,14,9,6,10,28,19,12,24,27,5,6,5,25,28,11,21,14,29,2,21,11,5,8,22,1,29,5,21,4,12,22,22,29,29,14,16,17,16,20,0,5,23,1,31,21,22,13,25,7
SNP30,29,30,25,27,23,4,1,27,16,14,14,0,0,28,5,1,16,1,28,8,6,3,22,8,21,3,19,0,20,0,19,9,8,12,7,23,0,25,9,15,23,25,27,1,26,23,20,14,20,20,18,18,2,5,26,24,18,3,8,17,14,27,10,15,9,17,23,17,14,30,7,25,5,16,29,29,14,6,19,0,20,28,0,20,17,16,31,16,3,20,21,30,26,4,0,27,24,29,3,17
SNP31,15,29,23,8,23,6,26,4,16,21,11,25,22,5,29,30,29,11,17,27,8,31,28,27,20,6,29,26,22,22,30,17,3,22,14,0,16,26,5,11,12,13,1,26,3,17,25,27,21,25,24,0,29,15,1,14,23,31,1,20,3,27,3,2,8,4,27,21,27,19,8,5,7,14,11,6,9,31,17,21,16,5,17,2,22,7,16,29,20,20,27,5,4,1,9,31,3,26,27,24
SNP32,21,8,7,16,3,9,30,1,0,20,4,8,26,16,13,11,24,3,5,15,7,11,26,2,17,21,7,22,5,2,22,17,5,30,29,20,3,2,15,25,23,20,25,30,1,5,22,26,26,20,24,12,27,28,0,14,20,22,24,10,6,2,9,30,14,1,12,28,29,15,0,8,14,31,14,27,19,30,15,20,18,26,24,13,4,5,25,30,11,12,13,11,9,8,21,0,6,21,22,31
SNP33,25,1,30,9,25,4,20,2,1,22,23,21,4,15,9,18,0,0,26,27,25,5,22,3,9,8,6,11,29,20,9,12,15,28,7,28,14,9,7,20,27,24,27,2,1,6,18,25,9,6,18,0,27,29,1,1,31,26,1,19,17,8,0,27,4,7,23,16,15,31,27,25,21,22,17,11,8,6,9,13,26,31,1,11,14,1,6,29,19,31,14,9,28,2,18,22,21,6,17,16
SNP34,17,16,5,3,6,22,10,25,28,27,16,16,7,26,15,13,20,27,31,13,26,7,27,6,3,10,1,7,28,14,10,25,5,22,21,6,27,1,31,19,30,19,7,1,11,27,14,0,10,24,24,28,4,9,2,6,14,16,13,17,27,5,28,13,20,17,24,8,2,27,27,10,26,0,4,10,2,14,18,21,9,11,18,30,26,14,26,29,13,28,1,4,7,16,22,3,31,15,24,26
SNP35,1,30,3,4,16,16,12,24,28,24,29,22,26,3,24,14,15,17,24,1,7,13,14,18,3,24,15,9,21,18,27,14,21,12,27,15,28,23,9,23,2,8,7,10,17,20,9,24,23,15,26,26,20,18,18,1,13,26,1,17,2,19,9,17,24,19,22,13,10,31,26,25,6,15,28,6,26,7,13,26,2,28,8,24,30,29,8,17,8,13,2,26,0,4,16,25,11,23,5,8
SNP36,0,21,28,22,26,31,29,5,14,27,11,5,22,12,31,0,21,10,26,14,27,31,8,7,25,1,30,24,13,10,4,0,4,30,17,26,4,3,7,3,10,24,26,9,6,12,21,20,17,1,19,29,16,30,16,3,9,2,25,25,16,2,23,31,4,5,14,23,22,7,20,3,13,21,21,5,24,19,18,20,31,11,16,6,4,8,19,23,18,5,15,2,2,16,13,31,4,3,21,16
SNP37,25,7,12,1,10,7,31,13,6,16,7,3,18,12,27,3,24,6,30,1,4,16,2,19,11,4,29,4,12,1,25,5,28,24,1,2,1,14,18,23,4,0,11,10,1,20,15,29,2,7,23,14,10,6,2,13,1,30,11,20,31,7,30,13,1,14,6,5,4,19,27,4,11,12,3,12,1,21,14,22,1,19,31,16,14,3,21,22,13,12,2,19,23,0,23,22,10,10,24,14
SNP38,31,28,31,21,25,15,0,14,19,0,11,5,8,4,13,1,24,19,16,16,31,25,3,17,3,22,26,23,26,16,10,29,21,3,26,26,4,7,11,4,26,29,28,20,13,6,11,19,14,11,4,1,5,10,24,27,29,31,11,3,3,25,1,0,26,28,17,30,13,16,4,15,0,23,23,5,31,24,5,23,3,28,16,20,8,12,3,9,8,27,25,12,8,14,22,25,23,2,24,1
SNP39,17,3,3,27,16,19,24,6,7,7,31,7,8,5,11,24,11,26,5,7,8,11,14,18,31,20,2,6,19,18,26,29,15,31,26,28,10,8,14,27,9,5,4,9,9,4,6,0,26,8,6,27,20,6,10,1,17,1,18,4,15,11,26,10,6,16,16,18,4,18,4,0,15,16,1,10,5,24,27,18,4,13,4,4,9,12,28,21,14,2,23,6,20,25,11,27,22,31,14,10
SNP40,25,8,27,13,21,27,17,20,24,12,20,6,6,31,19,24,26,31,30,31,6,12,22,24,15,30,31,3,0,15,27,2,2,5,28,13,30,9,13,16,19,10,25,0,26,31,30,8,22,28,3,6,10,0,0,17,5,13,12,28,8,24,9,5,25,5,28,21,1,17,8,17,2,15,22,0,25,10,7,29,28,26,16,11,31,14,23,16,3,18,20,13,23,12,4,16,1,19,18,3
SNP41,23,15,11,29,31,4,11,7,28,8,8,18,13,7,6,2,3,26,18,24,17,22,24,25,24,0,10,9,9,2,9,3,5,12,9,0,13,22,3,6,26,16,25,17,0,23,9,11,11,25,16,15,19,29,28,29,9,0,6,21,29,19,31,21,9,31,14,29,1,12,25,4,11,26,14,2,18,29,14,22,11,16,20,27,3,23,1,5,6,28,28,12,8,30,22,27,30,21,24,11
SNP42,22,29,7,3,2,25,24,3,22,19,11,23,6,14,1,30,25,12,22,31,27,10,5,9,9,3,21,13,12,7,4,17,24,17,28,28,2,11,26,19,16,14,26,14,23,6,0,27,1,19,27,14,30,13,22,20,12,31,11,7,14,16,11,28,14,26,20,21,18,26,25,28,1,9,28,29,16,2,8,22,3,20,1,9,22,15,18,16,12,10,25,21,30,13,12,17,8,14,23,4
SNP43,22,13,18,13,25,6,14,22,18,20,3,28,14,5,4,3,22,21,11,16,21,12,31,10,18,28,27,17,5,16,7,4,18,7,31,10,15,26,28,25,1,20,12,24,24,11,0,12,28,30,28,27,12,20,15,28,4,12,7,11,23,2,24,27,30,29,16,31,5,19,14,13,5,24,25,0,27,8,8,10,7,28,6,18,30,29,21,26,22,11,27,13,21,23,21,28,5,11,3,17
SNP44,15,9,2,11,3,30,3,18,4,23,25,23,5,1,29,9,25,1,24,16,20,15,19,24,3,23,12,1,8,13,30,12,29,7,27,12,22,24,12,24,11,29,27,22,17,1,10,6,10,31,14,14,14,5,29,30,11,18,29,17,10,19,22,4,28,16,23,16,10,19,2,31,27,24,30,31,24,15,17,10,24,15,19,23,17,22,2,30,6,9,13,5,6,25,17,16,21,3,31,1
SNP45,21,2,6,2,12,21,23,28,15,3,17,7,26,12,7,5,8,23,9,22,18,6,30,7,20,22,14,12,7,29,15,11,21,4,24,24,19,21,9,21,17,24,31,1,16,11,8,30,30,17,28,18,15,1,23,4,9,12,6,12,19,21,21,11,4,20,1,17,12,24,19,11,5,7,2,25,4,22,29,16,2,21,5,10,0,26,5,21,18,2,26,2,7,25,15,4,0,0,23,21
SNP46,14,4,19,16,9,28,2,3,11,21,24,1,14,26,15,21,7,28,16,23,9,1,13,30,23,31,24,20,15,17,26,21,24,23,27,23,29,4,25,18,5,30,23,14,0,2,21,11,25,24,28,5,13,12,15,6,17,9,21,21,17,0,12,13,30,30,16,1,28,31,19,1,23,5,28,18,19,22,3,17,19,18,12,4,25,20,12,11,3,8,2,23,10,8,3,16,21,26,26,9
SNP47,17,3,2,9,6,20,15,12,28,18,13,28,10,28,4,8,9,31,10,6,17,13,18,27,25,16,7,14,15,15,13,27,16,15,9,7,16,14,18,22,31,2,12,7,31,16,10,28,8,7,3,7,8,11,6,11,11,21,26,29,6,15,24,12,4,21,17,27,15,24,31,23,8,27,16,2,5,11,18,1,6,3,8,25,23,15,4,3,25,23,10,17,7,0,17,26,13,18,21,0
SNP48,0,11,26,4,17,10,26,0,29,15,1,10,26,28,17,21,6,23,24,3,26,25,12,24,21,24,14,5,24,23,21,9,9,11,28,1,22,25,19,9,7,9,14,21,27,17,18,29,29,25,8,9,30,25,12,15,24,22,11,3,10,9,30,19,13,0,30,25,23,13,13,17,14,31,18,1,21,6,16,23,6,6,31,3,31,6,15,17,9,13,1,14,25,8,6,15,18,15,16,0
SNP49,23,6,13,31,27,9,21,2,11,19,11,6,25,15,29,4,28,19,13,30,28,16,21,19,27,3,9,12,27,29,20,4,8,31,29,30,3,9,15,14,8,5,26,10,19,19,27,15,23,19,31,4,13,19,17,23,5,23,8,25,23,20,9,31,2,0,16,3,15,12,14,23,27,1,8,9,6,29,3,4,15,31,2,2,6,0,0,12,4,14,19,31,2,29,28,9,2,9,9,21
SNP50,3,14,9,31,6,2,12,0,22,7,13,12,20,21,9,20,27,31,29,30,6,1,17,29,4,5,24,15,18,21,16,18,8,17,24,16,11,25,3,1,4,18,17,25,10,14,23,12,29,6,17,16,24,22,18,2,2,18,3,5,0,4,8,6,4,26,1,24,25,0,17,29,3,27,24,20,18,8,28,27,12,30,27,9,28,30,22,29,15,9,12,31,10,19,7,20,16,29,28,30
SNP51,13,16,10,18,10,25,28,16,11,11,10,29,15,19,25,30,21,23,5,28,2,13,4,8,16,5,9,11,3,27,31,1,27,2,10,27,29,29,21,6,11,1,23,6,28,7,17,4,1,30,20,7,18,0,25,4,14,7,1,22,0,21,14,11,23,27,14,2,27,21,31,31,5,30,28,23,14,10,10,23,16,21,7,12,1,17,29,29,26,15,3,23,14,29,31,6,27,15,19,14
SNP52,6,0,4,21,15,25,16,15,24,12,24,22,10,22,5,5,5,0,14,10,8,30,5,15,17,5,10,10,22,6,25,17,24,18,16,16,20,6,11,15,3,7,12,26,14,31,30,9,30,17,1,24,24,8,28,26,16,28,15,16,21,13,0,8,10,18,14,2,1,4,5,5,11,10,26,17,0,18,25,22,10,14,21,27,9,1,1,24,31,23,18,15,12,31,30,28,10,28,31,10
SNP53,22,23,15,22,13,25,15,20,9,1,15,17,31,31,12,14,7,12,13,5,24,30,26,1,6,2,16,12,31,12,29,19,28,8,22,31,19,19,16,21,10,17,22,22,26,28,17,12,27,16,21,9,8,15,27,15,0,17,14,5,7,29,4,6,2,11,3,8,18,23,13,20,5,1,6,13,5,31,13,7,30,12,23,28,5,24,3,31,2,5,23,23,8,2,27,21,24,2,5,25
SNP54,12,14,9,24,12,18,9,12,21,18,8,6,9,14,6,0,28,12,23,0,3,29,17,17,28,16,9,3,21,30,9,13,2,17,29,8,10,23,22,3,13,26,10,20,10,5,28,11,28,19,28,25,7,8,31,18,4,18,12,21,5,11,0,14,16,22,1,14,15,4,26,29,30,7,3,4,1,3,3,28,5,2,25,13,11,26,13,1,4,16,21,21,3,25,14,18,27,28,19,17
SNP55,24,1,22,28,26,23,19,4,30,29,22,20,13,27,14,16,2,29,2,24,11,19,12,2,13,17,18,30,23,16,5,24,2,6,2,17,23,7,8,15,28,19,29,18,4,23,20,21,5,27,9,3,17,19,1,15,20,11,8,28,21,21,5,27,21,13,21,17,24,5,3,1,22,25,10,17,1,12,5,30,6,1,15,4,29,11,9,11,18,17,6,19,28,11,6,16,24,20,11,10
SNP56,6,30,27,7,26,24,16,21,23,23,26,8,26,9,17,16,10,12,26,27,12,22,12,6,12,5,23,19,2,21,13,20,1,29,24,6,3,8,14,25,2,17,5,16,12,31,14,2,31,5,18,13,12,25,29,30,22,1,31,2,29,0,8,23,22,1,24,3,5,5,14,31,3,12,1,22,8,25,28,10,22,27,31,17,11,15,19,31,18,5,10,7,30,3,18,13,19,24,13,16
SNP57,4,25,12,10,8,17,8,26,11,14,19,16,6,8,5,10,10,26,9,10,30,9,9,16,10,26,20,29,8,19,10,3,2,7,22,25,2,7,1,30,18,6,17,13,23,0,12,23,19,26,22,26,4,20,29,29,22,18,5,1,23,30,6,21,27,16,21,11,17,26,18,18,30,1,16,16,8,26,26,27,21,4,29,11,29,12,0,24,10,14,28,11,24,8,6,13,13,21,21,8
SNP58,30,25,25,7,11,15,21,1,24,18,0,22,3,28,11,26,12,11,26,25,5,31,20,18,21,10,16,19,8,9,22,14,13,8,3,13,30,18,15,17,0,16,0,19,11,5,20,16,12,24,23,13,25,20,19,1,21,5,6,5,21,7,23,21,7,10,18,7,16,16,15,1,22,27,15,28,14,21,7,16,3,16,7,24,6,9,0,23,30,28,12,8,26,25,26,27,30,4,7,10
SNP59,18,5,8,30,17,8,12,29,29,14,8,12,1,10,21,6,18,12,31,6,16,19,26,7,25,2,28,17,6,26,22,25,26,25,21,10,12,20,7,16,15,18,2,6,21,2,4,8,13,12,23,4,14,0,24,9,19,19,8,17,10,9,30,18,12,30,4,10,3,26,29,27,22,23,2,20,14,1,19,17,26,28,29,10,2,11,7,7,12,3,9,29,3,23,6,7,29,2,20,30
SNP60,22,24,4,6,16,0,6,1,25,19,27,9,12,7,6,11,14,27,22,0,27,30,12,10,4,11,11,24,28,29,15,18,8,21,17,17,22,29,23,28,8,26,19,26,25,25,19,22,21,26,25,7,0,31,0,24,24,23,15,0,0,12,11,9,29,5,8,4,26,20,29,14,31,19,11,10,5,24,17,9,13,6,17,3,26,22,7,25,12,22,12,4,31,14,1,0,12,31,15,3
SNP61,21,24,13,15,13,11,10,6,11,25,22,6,30,8,28,13,8,13,12,1,26,22,17,17,1,5,8,27,20,17,13,1,11,15,19,25,17,30,28,1,6,6,6,21,19,29,20,20,13,16,12,22,2,7,17,14,13,2,11,21,16,31,18,31,19,30,27,7,22,26,15,30,20,30,13,1,30,14,3,23,13,12,3,21,12,6,16,16,29,6,1,31,9,2,21,0,4,19,16,17
SNP62,18,19,11,8,17,31,1,10,3,29,24,17,22,18,31,31,19,26,2,12,25,27,15,30,25,31,20,30,16,0,25,26,31,6,12,4,23,7,0,16,17,3,18,8,27,28,9,30,28,10,0,24,31,10,0,2,2,16,7,9,22,27,22,9,14,17,24,30,21,15,27,9,0,28,22,3,11,31,25,6,26,31,9,8,20,7,11,1,26,18,5,15,27,0,18,16,14,0,20,30
SNP63,7,23,20,28,31,7,26,3,23,6,13,5,9,3,9,28,14,7,4,24,9,22,25,2,13,10,6,22,21,21,6,26,23,17,3,23,19,19,12,5,25,18,8,3,7,15,19,2,0,26,8,14,10,7,22,9,26,29,28,19,9,24,2,2,22,6,11,12,2,27,28,10,9,16,4,24,12,15,18,30,15,31,19,15,0,31,2,22,16,28,23,22,0,20,27,31,12,7,9,17
SNP64,3,20,27,30,20,29,11,24,8,24,28,0,30,30,11,4,18,4,5,9,17,11,4,9,20,9,4,10,10,5,1,14,6,30,4,8,14,23,8,29,13,19,19,3,7,4,27,28,20,15,14,22,10,10,13,25,29,27,2,31,22,16,11,15,6,23,4,4,1,28,27,17,12,28,5,6,21,8,1,10,15,21,12,21,1,3,4,28,10,27,31,19,14,29,24,26,28,29,1,31
SNP65,18,17,1,15,28,13,8,12,3,30,12,14,12,12,29,29,26,16,14,28,1,14,14,31,0,31,10,30,27,17,16,0,1,19,3,6,21,5,13,23,10,12,1,4,22,9,5,25,26,18,23,31,8,3,1,27,28,31,18,14,18,27,10,26,9,14,28,20,12,2,29,20,1,5,25,17,10,12,25,30,1,23,25,14,2,11,9,26,23,14,11,7,0,20,23,7,3,22,24,17
SNP66,31,13,6,22,13,28,3,7,12,13,21,3,13,11,19,23,14,1,11,25,10,6,13,13,8,21,24,1,22,12,8,9,0,29,11,24,20,18,19,25,24,14,10,5,8,6,8,16,2,5,27,21,20,21,0,24,16,16,26,28,3,29,8,20,13,25,21,25,9,2,2,22,7,28,6,31,10,27,28,27,5,20,30,2,13,31,24,30,23,2,11,7,5,31,21,15,24,10,1,7
SNP67,20,22,23,2,4,9,23,2,7,21,21,7,26,10,8,26,0,23,23,15,14,22,13,13,16,25,18,17,14,11,12,31,30,2,19,24,10,29,26,3,1,26,23,27,28,2,17,3,17,11,0,7,12,29,12,2,31,1,8,30,19,5,24,21,10,30,16,5,12,10,29,21,12,28,13,3,17,14,21,14,2,24,29,18,18,27,22,19,23,2,15,16,28,25,30,17,20,20,27,18
SNP68,10,20,29,25,13,23,28,16,18,15,2,7,3,8,4,2,5,12,8,29,7,13,4,18,16,19,15,21,23,29,25,31,17,30,11,21,22,15,23,24,24,22,24,18,25,25,23,2,20,6,3,27,2,4,9,28,16,25,2,14,21,10,2,6,18,26,4,12,22,13,31,30,0,26,27,10,31,9,29,21,27,28,21,25,21,0,4,29,2,14,27,2,21,15,24,22,25,5,15,5
SNP69,19,10,25,8,7,21,0,7,12,8,17,20,16,17,6,31,23,6,19,6,4,3,24,22,4,26,4,13,5,13,10,20,17,13,20,13,12,26,10,5,5,24,15,5,23,16,4,19,13,1,0,9,16,14,25,21,11,4,22,8,31,9,24,29,1,2,6,8,24,19,18,19,11,4,4,12,6,6,7,17,18,11,3,24,28,26,23,15,14,18,3,15,22,28,23,25,1,5,26,12
SNP70,22,4,20,29,15,21,4,5,24,8,23,15,6,28,18,2,25,0,19,11,16,3,12,20,12,20,4,1,19,10,1,26,10,28,1,12,8,15,12,0,0,16,24,23,26,20,3,19,1,30,11,6,14,11,2,3,22,8,19,11,31,21,15,23,14,30,10,12,3,18,30,14,0,8,13,30,3,20,5,23,20,11,17,13,31,11,25,21,12,8,18,7,7,0,23,18,17,9,23,0
SNP71,31,6,2,16,7,6,2,19,0,17,20,22,1,23,30,15,13,15,5,2,8,4,7,20,13,17,6,5,24,15,15,3,28,12,11,27,1,28,15,13,1,3,1,12,1,0,1,6,17,6,23,14,0,21,4,28,21,0,16,17,29,19,24,28,24,6,24,25,25,20,31,24,24,13,9,20,18,28,14,20,25,18,12,25,18,18,14,15,0,18,0,5,26,1,28,9,24,22,25,25
SNP72,20,3,10,12,26,8,15,21,10,14,12,18,9,22,21,30,26,6,2,26,19,27,9,10,31,29,4,13,19,1,3,15,14,29,25,26,14,4,13,14,30,8,26,20,30,8,5,3,18,2,18,22,11,0,6,21,30,15,29,25,22,8,25,9,16,12,28,21,11,12,24,9,29,3,28,20,4,25,22,15,12,3,30,13,0,14,4,23,3,4,25,8,16,6,25,18,7,7,24,14
SNP73,26,16,28,15,3,16,20,20,4,5,2,30,18,11,26,2,31,0,2,13,9,2,5,27,9,16,1,18,22,15,7,28,17,2,4,17,15,31,5,24,7,8,5,20,7,29,12,18,24,23,30,19,17,29,4,9,17,23,16,10,25,24,1,15,28,29,29,28,16,26,30,4,15,14,9,8,16,18,21,31,4,0,20,13,26,20,21,0,7,7,13,17,16,7,21,26,24,29,2,20
SNP74,8,16,6,28,26,4,21,12,9,18,9,6,10,24,22,2,6,24,11,8,23,16,12,5,18,19,17,20,20,24,6,24,17,3,28,10,20,1,12,24,5,1,22,30,10,9,17,5,22,12,26,28,24,19,26,23,17,30,3,8,29,6,8,28,2,16,23,5,21,14,28,10,0,11,17,22,29,9,12,26,26,2,21,13,19,11,17,24,2,28,15,14,31,25,2,0,21,15,9,4
SNP75,9,9,17,24,5,4,5,21,26,0,28,2,25,26,6,7,29,28,10,2,0,3,5,23,23,24,29,11,7,19,21,16,0,23,30,24,2,21,6,29,27,27,18,25,11,13,13,28,20,12,26,15,14,30,22,1,3,6,2,7,15,15,22,25,23,23,21,13,16,23,24,3,5,29,3,8,20,5,23,7,7,28,18,20,30,20,27,18,28,26,17,8,22,28,5,14,14,31,8,16
SNP76,8,10,18,20,23,6,6,4,3,20,4,1,1,8,22,7,5,29,18,2,0,21,28,24,13,11,3,14,9,11,17,22,3,22,4,22,15,10,25,14,4,15,27,21,13,10,22,26,9,15,27,1,3,10,12,24,29,22,0,7,24,7,13,4,10,10,25,9,23,20,14,23,26,4,4,15,25,14,1,28,6,22,27,18,24,27,7,20,2,25,20,31,27,9,15,14,1,1,19,19
SNP77,25,18,4,12,29,9,31,29,3,6,1,30,12,7,0,19,28,26,20,15,17,20,18,24,27,16,23,9,21,21,3,11,11,27,13,15,20,13,22,7,21,0,21,4,6,0,30,27,19,14,4,27,1,21,14,22,23,18,30,27,26,8,0,23,7,10,26,30,26,28,0,5,21,14,6,9,30,23,31,14,26,23,16,31,28,31,11,11,0,20,6,22,0,15,30,16,12,11,10,5
SNP78,21,30,3,11,31,16,26,28,17,19,29,22,4,24,4,29,27,20,19,21,19,11,18,17,30,19,15,6,7,21,3,4,9,23,30,24,14,29,4,6,29,16,11,3,3,29,29,2,6,26,26,2,29,5,4,13,15,24,26,28,26,5,19,18,30,29,0,20,15,6,11,6,24,29,6,9,11,10,31,25,27,26,20,28,23,7,1,24,18,26,29,16,15,30,13,4,11,3,14,25
SNP79,22,11,23,5,0,22,30,20,28,28,27,12,0,1,1,2,10,20,19,6,25,18,10,25,27,0,10,0,1,15,0,29,3,2,4,20,28,25,22,29,22,17,25,20,20,28,23,26,13,11,17,19,25,10,30,4,2,9,8,23,2,17,24,26,17,13,14,3,15,19,29,2,3,15,3,10,19,5,29,19,0,7,18,3,22,21,28,2,14,6,29,5,21,13,0,27,24,26,13,21
SNP80,0,15,7,14,14,30,18,20,28,20,8,15,24,20,25,15,26,31,30,22,4,26,7,9,26,1,25,7,10,26,23,31,13,18,14,5,25,18,19,2,16,13,19,5,17,6,20,17,11,11,23,3,17,6,18,6,5,0,19,5,10,4,19,25,15,20,12,21,0,29,8,22,5,24,17,10,8,26,1,23,5,2,3,14,25,3,31,11,20,7,11,30,30,30,17,4,5,21,30,29
SNP81,31,14,30,16,15,26,22,11,12,7,7,14,2,18,11,27,30,20,31,13,10,17,17,22,25,17,1,3,18,14,4,30,1,29,30,17,5,21,3,23,17,11,27,7,23,3,5,11,27,4,3,11,2,14,9,6,28,20,23,20,9,31,30,28,2,7,3,31,1,7,4,0,13,16,16,6,16,26,26,21,10,18,19,14,7,13,24,12,0,3,12,25,30,10,23,28,10,2,12,6
SNP82,5,24,21,20,30,29,15,4,0,17,22,16,4,0,9,31,4,29,1,28,14,29,4,10,14,19,10,9,25,21,11,0,27,10,22,11,20,22,28,9,5,19,15,22,5,20,4,22,28,11,29,13,21,29,30,13,6,7,1,15,10,27,17,29,20,8,19,29,26,3,29,6,28,24,29,0,18,9,3,12,8,25,19,27,9,14,18,26,2,16,27,27,13,16,0,0,31,28,18,3
SNP83,30,12,3,9,3,9,4,6,20,6,2,20,18,4,17,27,12,19,23,0,9,8,26,25,2,29,25,3,2,9,24,13,15,23,21,3,19,3,31,26,1,30,0,1,23,19,31,15,15,6,2,18,8,11,4,10,1,23,29,22,20,9,2,21,30,4,20,29,14,14,30,3,23,18,30,10,23,19,6,13,17,29,4,26,17,21,14,2,24,14,8,24,7,7,2,30,10,19,18,11
SNP84,1,23,8,1,0,20,27,24,18,8,29,9,27,14,21,3,3,13,21,20,5,1,3,22,14,18,28,10,11,1,10,1,21,25,23,27,9,4,2,25,14,9,23,24,6,18,4,31,4,31,8,11,28,8,19,16,3,2,24,29,27,3,11,20,20,31,13,14,1,16,28,2,11,11,22,16,26,30,16,21,17,4,4,9,22,9,5,15,30,8,28,19,11,25,9,9,8,2,31,15
SNP85,17,15,12,25,14,17,12,26,22,1,4,22,0,13,1,11,29,17,10,11,25,3,5,11,26,27,3,19,17,14,29,11,22,6,18,11,23,27,31,18,7,30,18,7,29,17,28,13,4,2,23,7,23,0,28,29,28,19,20,26,15,8,18,30,5,22,12,4,20,26,28,27,28,28,22,18,19,12,4,29,14,0,11,10,3,4,31,12,18,9,13,5,12,3,11,15,23,23,30,19
SNP86,13,11,11,23,31,16,5,17,16,23,13,23,20,15,12,3,16,25,0,22,17,21,20,30,25,20,2,5,31,1,20,30,17,4,22,13,13,5,7,2,2,1,2,19,26,1,26,4,23,19,0,20,6,27,19,1,9,23,22,0,0,27,1,10,28,30,9,16,28,12,0,3,6,7,24,14,12,30,12,6,28,11,5,1,5,13,9,17,28,14,3,28,1,6,25,16,28,13,26,23
SNP87,19,23,27,6,16,10,29,1,8,4,1,4,24,13,10,12,10,27,6,13,26,23,11,29,30,13,16,28,29,7,9,30,31,0,14,14,5,10,13,8,9,25,23,22,11,20,12,8,26,29,10,20,19,11,16,26,0,5,13,28,13,14,3,18,8,27,0,20,13,9,28,9,5,5,10,19,9,15,23,21,11,29,28,14,29,26,19,5,21,5,13,23,25,2,23,23,27,26,14,13
SNP88,13,29,10,10,24,11,19,6,19,25,12,30,26,18,25,3,30,21,27,27,16,6,22,20,12,13,31,7,16,12,28,29,10,16,29,1,0,27,9,27,16,30,13,12,26,7,29,27,11,30,6,9,15,20,23,31,18,8,1,20,17,16,11,26,5,19,8,9,11,15,24,0,16,3,2,1,18,14,18,27,11,5,28,6,10,6,9,26,10,3,5,3,15,10,9,4,15,0,9,31
SNP89,1,22,3,11,16,23,9,6,1,13,17,1,20,10,18,31,26,26,11,6,6,21,25,18,8,28,12,8,8,17,16,1,27,19,17,14,10,4,27,25,19,17,21,9,18,19,17,28,22,11,19,28,18,25,28,20,27,30,26,19,20,31,28,25,29,5,15,24,6,5,3,9,14,1,20,5,24,22,27,0,19,11,9,9,27,28,5,29,2,25,17,20,15,3,22,25,8,27,12,1
SNP90,24,14,10,3,9,29,23,15,18,29,30,6,0,6,9,25,0,3,24,28,6,22,26,10,20,14,12,7,24,4,5,4,3,8,30,9,19,13,0,1,1,9,9,23,29,9,16,16,27,13,5,19,7,10,30,27,19,20,28,14,25,12,17,26,9,4,3,25,30,30,7,15,11,8,14,22,7,23,28,15,19,9,6,8,9,31,31,6,12,16,2,15,1,16,26,25,11,20,15,24
SNP91,26,1,8,21,17,26,27,17,20,0,23,0,7,26,7,21,5,6,19,0,31,27,31,23,31,26,11,11,7,28,7,11,9,15,1,19,9,7,21,6,18,29,23,15,26,16,7,6,9,30,5,17,24,7,30,23,19,27,25,11,1,21,28,20,0,17,0,11,23,23,15,7,12,9,26,14,10,25,2,24,15,6,8,5,13,11,9,23,13,21,12,16,30,6,12,13,8,29,15,25
SNP92,8,10,9,29,21,0,20,1,27,5,23,22,24,20,18,9,13,25,12,23,22,30,18,19,4,3,29,12,2,29,7,20,21,25,29,18,26,10,7,15,28,13,9,17,16,20,26,31,19,31,29,27,12,23,16,30,20,15,16,31,25,4,26,6,17,27,18,15,12,0,21,0,6,11,19,20,17,19,0,13,16,21,6,26,26,29,5,15,5,4,27,25,19,23,17,15,4,7,20,15
SNP93,22,18,21,20,2,29,8,13,25,24,26,1,14,12,16,16,30,12,19,21,27,9,27,0,19,9,26,13,12,11,5,8,31,19,12,2,9,19,18,18,0,19,13,17,13,11,9,31,13,26,1,9,2,18,1,27,31,25,27,16,6,4,3,13,21,1,18,15,13,15,17,28,31,19,31,3,15,7,0,6,18,18,15,13,27,1,14,6,4,23,17,13,26,25,2,23,26,25,14,27
SNP94,7,30,22,9,22,18,2,14,9,9,2,2,12,10,0,8,3,20,8,5,27,8,22,30,6,23,8,3,8,0,29,23,14,28,24,21,14,30,9,27,20,4,27,11,10,6,21,20,9,13,14,18,29,24,13,28,2,16,0,30,23,1,7,0,0,12,13,12,24,4,14,27,2,1,24,1,30,1,2,4,7,30,1,26,5,29,18,14,4,28,1,17,21,10,13,15,27,25,24,5
SNP95,7,27,1,4,30,24,15,17,1,21,7,10,19,0,2,9,24,23,11,30,22,25,27,0,30,18,3,7,13,10,0,3,22,12,17,26,1,14,19,1,28,21,20,14,3,27,3,4,1,23,14,19,12,25,22,18,25,8,1,0,5,24,20,24,14,19,13,26,9,27,19,15,10,29,3,22,8,24,14,19,5,13,11,8,14,26,3,3,29,10,30,23,19,8,24,9,7,5,10,21
SNP96,1,24,20,9,8,6,30,31,14,4,0,15,5,18,1,27,16,15,3,22,9,21,22,24,22,16,17,8,20,12,5,7,2,10,0,12,11,28,17,19,5,27,27,25,28,6,10,16,24,31,4,24,31,3,25,20,4,4,10,29,21,1,3,28,7,12,8,6,25,20,31,16,11,30,9,9,2,11,7,16,6,6,21,29,18,3,10,26,31,10,9,7,11,21,15,15,6,20,23,4
SNP97,26,10,19,15,0,2,11,12,18,15,18,1,15,25,24,17,25,25,4,21,14,13,0,7,20,22,1,3,30,17,19,10,25,27,2,12,15,15,25,25,12,27,29,22,5,10,18,29,16,5,30,7,7,10,5,9,14,3,3,21,25,18,29,14,4,2,8,22,7,0,4,0,10,14,30,18,0,18,22,20,10,6,4,9,2,23,15,13,3,20,9,29,29,26,29,21,5,13,5,21
SNP98,30,6,25,4,16,1,16,13,29,22,15,18,31,13,2,9,28,0,17,25,8,0,23,5,19,0,9,9,21,25,30,22,10,16,29,9,29,25,21,20,14,25,26,20,14,6,19,25,19,4,13,31,21,31,1,30,19,28,18,22,27,25,6,16,10,31,10,14,21,6,28,26,6,27,2,16,19,0,23,1,6,29,28,10,8,22,21,10,19,11,2,13,11,31,20,5,22,20,8,28
SNP99,25,14,25,6,11,1,13,20,24,0,28,30,3,27,29,1,0,18,3,11,1,21,17,29,19,20,25,13,21,21,3,13,20,29,15,7,29,11,20,5,2,25,19,1,15,3,6,17,25,30,23,26,3,30,7,14,10,1,23,18,15,8,27,20,30,1,30,30,19,6,29,1,0,28,21,16,7,28,10,19,25,12,11,0,18,14,5,28,14,5,17,26,7,19,30,21,19,17,10,23
SNP100,23,21,8,26,22,18,6,2,25,15,22,17,27,14,27,13,18,28,25,31,1,31,25,12,10,29,6,19,22,25,8,26,25,29,15,3,13,31,10,3,10,13,16,27,27,0,24,19,29,19,26,30,21,2,7,27,5,30,29,27,16,26,23,30,28,22,2,26,9,0,26,2,27,22,2,26,0,17,28,13,7,6,23,21,16,9,15,1,25,12,23,0,27,22,17,3,0,3,29,27
SNP101,31,18,10,1,24,3,16,26,28,8,28,0,24,14,31,25,26,16,6,9,18,9,25,19,4,10,16,5,0,29,2,12,1,23,20,12,5,24,25,7,22,12,30,19,0,8,18,25,18,15,27,26,10,14,0,0,22,18,16,9,17,30,6,22,29,30,24,0,18,30,29,10,17,15,7,11,26,16,8,19,23,18,27,28,18,4,5,25,22,6,31,22,6,0,1,16,11,0,8,28
SNP102,4,21,10,26,10,2,15,14,13,0,20,21,9,13,30,28,31,11,30,19,9,0,27,7,19,28,4,29,13,17,6,7,15,7,19,22,29,9,12,5,15,1,31,26,6,18,13,21,26,28,8,1,25,5,22,12,13,12,27,25,17,31,27,12,21,8,27,1,21,0,20,12,26,26,13,25,3,11,12,30,22,8,26,19,3,14,5,2,19,15,4,13,0,29,2,24,22,1,28,2
SNP103,23,11,5,13,20,2,8,29,0,6,7,31,20,24,23,14,11,6,29,27,3,4,2,1,30,19,9,10,11,6,20,21,1,6,7,6,28,24,13,3,7,28,24,0,21,9,10,14,24,0,5,0,25,5,30,17,13,26,15,2,2,22,25,9,10,9,17,1,24,27,23,7,16,29,2,10,29,26,12,24,8,9,28,24,23,26,27,18,2,29,22,0,15,19,30,27,21,29,12,11
SNP104,9,9,29,1,25,23,19,9,31,5,12,27,16,19,13,7,9,25,19,8,18,12,9,7,29,29,4,21,29,25,7,27,26,26,10,23,27,26,27,7,2,9,16,3,28,21,2,13,14,29,5,1,6,9,15,7,5,3,19,3,26,29,30,23,15,27,19,4,17,12,24,22,30,7,16,9,29,14,21,29,7,0,1,7,31,2,30,6,28,21,20,15,0,10,7,3,19,19,4,31
SNP105,24,3,17,17,9,10,24,8,30,4,18,12,20,13,3,21,28,1,31,25,9,29,10,15,19,25,10,26,3,17,24,6,14,15,12,30,5,27,30,13,31,26,10,9,0,23,0,23,29,23,30,18,6,9,26,8,10,11,17,16,14,7,28,27,25,8,14,6,24,26,11,25,1,1,13,31,13,22,15,30,22,28,11,21,4,6,29,22,17,15,19,5,7,4,12,15,14,29,30,3
SNP106,30,30,20,3,19,20,8,14,31,25,29,14,1,21,26,12,20,8,16,28,23,0,19,8,18,2,12,24,1,2,7,10,22,29,12,25,19,22,30,24,0,13,17,2,20,11,0,9,3,25,15,21,0,10,1,3,20,21,25,3,18,4,3,17,27,8,4,23,17,19,18,19,5,6,31,13,18,26,30,20,14,17,25,16,7,14,10,28,17,25,19,23,24,19,18,22,22,7,21,16
SNP107,12,8,18,5,7,1,3,22,25,18,24,8,26,18,13,26,1,13,24,10,7,24,28,13,1,11,15,19,27,3,28,8,28,16,18,18,2,30,21,20,13,18,24,29,20,22,31,29,6,7,18,14,30,14,26,16,13,26,17,1,22,19,31,12,4,15,22,0,22,13,11,20,17,15,10,30,0,27,7,17,24,23,0,8,10,19,23,24,3,20,9,16,15,27,15,7,30,6,22,31
SNP108,29,12,28,4,5,22,26,17,17,5,10,10,2,8,25,2,1,24,12,6,31,26,1,13,12,12,2,5,17,0,26,17,25,15,25,8,31,11,23,13,5,0,17,1,5,28,21,27,21,11,7,28,21,30,8,8,9,18,28,31,15,6,9,19,19,11,4,20,9,26,7,18,29,4,10,2,11,18,10,4,11,11,1,15,26,15,1,3,9,19,1,11,11,14,7,22,7,4,21,12
SNP109,17,22,4,17,1,12,29,9,23,8,22,22,30,18,7,0,16,13,29,7,1,9,8,19,10,8,17,10,14,5,22,28,21,11,18,9,27,15,14,29,1,20,7,10,17,30,27,4,18,24,1,17,20,20,29,20,15,27,24,25,23,19,26,3,15,14,27,4,25,9,3,30,22,9,23,7,15,7,18,25,17,14,1,28,2,16,24,21,10,21,27,31,16,31,31,13,27,31,31,15
SNP110,13,25,14,1,13,3,18,22,12,28,16,31,29,28,14,1,16,11,14,24,29,7,7,30,25,4,30,1,13,1,19,7,28,29,0,20,11,22,26,27,17,12,14,7,4,24,1,9,10,29,26,13,27,16,5,26,21,20,25,8,29,31,8,9,24,6,29,7,27,1,4,5,7,4,22,12,14,21,9,21,16,24,22,28,25,18,5,13,5,28,31,4,31,18,1,3,21,19,1,5
SNP111,4,31,14,0,29,8,14,13,18,3,19,26,26,13,5,27,15,30,23,30,16,26,15,12,31,17,4,14,2,9,14,5,21,22,3,5,13,5,30,9,10,15,21,19,11,16,27,4,30,31,24,30,31,15,25,8,13,17,20,26,27,7,19,23,4,29,19,5,23,10,18,0,13,22,7,1,31,10,0,6,29,4,22,19,12,30,10,27,23,1,25,20,21,30,16,27,11,25,11,1
SNP112,31,8,10,4,27,16,7,14,13,14,2,22,28,7,25,16,3,23,21,12,3,1,14,4,21,13,20,6,9,13,30,6,12,22,19,24,9,8,16,1,29,5,4,30,20,17,16,8,14,25,22,24,17,16,7,10,9,15,29,26,17,15,16,25,20,18,3,5,31,20,9,2,15,14,27,19,6,26,23,4,20,15,11,13,23,15,18,26,26,2,3,15,2,16,8,2,14,2,9,1
SNP113,17,1,8,23,28,1,13,12,19,31,22,0,12,11,25,22,26,0,30,7,26,11,31,14,12,4,25,11,13,11,28,22,10,5,13,16,6,11,3,30,31,30,5,21,6,22,16,29,9,0,21,6,29,0,17,15,9,5,7,28,26,15,1,6,16,25,7,15,15,18,29,24,12,4,3,9,20,3,16,1,18,28,13,20,22,23,7,21,22,10,27,12,3,24,23,15,12,25,23,1
SNP114,19,31,22,26,10,19,8,23,26,19,24,21,3,29,31,3,3,15,29,29,10,1,4,0,7,18,3,9,13,4,12,27,6,7,17,20,10,6,17,28,28,1,15,12,3,29,8,11,15,24,24,12,28,28,4,23,10,13,1,14,27,6,3,19,21,16,23,27,5,31,23,16,30,14,6,14,7,14,15,3,3,8,16,9,9,31,9,9,24,9,12,19,6,26,29,28,31,20,9,20
SNP115,20,18,30,23,12,21,10,24,21,3,15,8,9,26,19,31,0,19,21,17,29,12,3,18,24,18,30,14,23,4,13,16,26,25,31,10,26,20,10,28,24,23,24,21,10,24,0,31,25,22,8,27,27,31,25,29,9,18,23,5,21,15,5,23,15,12,3,21,7,1,1,30,20,4,29,16,1,12,18,3,15,19,19,7,29,30,6,30,31,11,6,24,9,0,15,22,24,28,29,23
SNP116,6,1,6,0,20,9,2,29,6,13,31,0,30,14,7,17,0,31,31,26,17,10,22,16,9,8,8,27,26,6,16,28,14,18,8,13,15,28,12,15,20,31,26,14,15,30,27,9,9,31,27,28,31,17,17,14,5,21,27,1,6,27,19,7,19,20,7,2,23,24,8,7,15,25,26,9,10,23,4,31,31,18,31,1,18,10,31,5,16,27,11,17,16,30,27,1,10,22,18,6
SNP117,10,24,17,31,17,16,19,26,0,11,19,7,5,20,16,0,12,2,3,11,25,27,10,30,9,20,9,1,15,30,29,20,0,22,6,27,16,26,1,13,11,30,0,26,28,16,4,10,16,27,3,2,21,6,17,25,26,31,29,26,12,28,1,18,28,17,20,16,16,2,6,26,13,1,29,29,3,4,31,1,30,23,12,8,20,22,16,6,23,2,24,28,29,21,14,30,17,27,9,0
SNP118,11,16,2,21,5,20,24,1,1,13,5,19,2,17,18,7,12,18,11,26,24,9,25,0,0,27,2,4,12,28,10,18,22,12,13,10,26,18,9,31,12,8,9,25,24,11,9,1,1,1,21,3,8,11,5,22,7,23,5,3,12,25,19,19,20,0,30,25,3,21,16,3,31,4,31,20,2,20,29,6,16,11,0,23,25,3,27,5,9,5,2,23,2,19,12,10,20,2,17,20
SNP119,15,21,9,21,16,27,24,28,1,2,10,23,26,26,28,19,18,10,28,31,10,15,22,8,20,22,31,22,9,10,15,18,20,2,7,19,2,28,21,29,25,16,24,8,4,12,8,27,19,12,0,15,28,13,5,18,17,14,20,29,31,30,25,24,9,14,19,5,4,31,16,11,14,14,5,16,19,0,25,2,28,27,5,23,5,13,7,17,9,14,17,7,1,15,30,31,27,4,2,20
SNP120,20,16,15,14,21,21,26,18,6,19,24,11,31,30,28,29,29,26,11,19,11,5,5,24,16,19,31,6,30,1,2,2,5,30,30,27,4,11,14,31,7,20,8,27,8,31,13,0,17,25,17,4,12,21,26,22,30,27,3,28,30,9,8,11,5,0,28,27,28,25,18,27,20,26,15,17,19,8,12,22,19,16,5,21,9,5,19,7,6,5,26,30,8,21,19,6,10,24,1,27
SNP121,28,14,3,28,4,17,14,20,18,13,11,19,21,30,30,17,7,4,6,0,0,22,19,12,16,29,28,21,23,12,29,28,4,20,23,28,25,5,15,16,3,30,25,17,15,25,18,16,29,5,8,22,2,25,22,19,18,31,2,0,16,18,19,24,15,29,0,10,22,31,11,0,7,13,10,20,8,29,22,12,27,18,24,24,5,11,4,11,2,15,10,7,6,26,25,23,7,31,5,7
SNP122,18,16,3,28,27,16,29,29,3,7,19,1,9,17,19,20,21,0,3,14,19,4,11,12,24,3,7,2,24,2,15,27,13,9,21,21,11,13,9,1,31,8,19,16,11,5,9,15,15,10,16,2,26,14,3,12,10,31,27,9,12,28,25,10,5,8,10,1,29,1,2,26,30,30,1,13,24,16,18,26,6,23,12,20,3,14,4,6,18,21,31,21,0,25,21,3,12,15,21,19
SNP123,11,13,20,2,1,3,7,21,29,13,3,31,13,2,12,3,17,15,22,11,11,3,11,19,5,18,8,16,26,31,13,20,15,23,25,6,17,25,5,13,15,5,12,7,26,18,0,30,12,22,1,19,28,19,4,31,7,29,2,27,26,23,5,12,29,15,0,14,15,30,31,3,30,7,17,30,25,8,6,31,2,20,22,13,18,29,8,3,15,17,14,9,10,15,31,7,14,28,7,24
SNP124,21,25,26,20,20,4,22,17,26,13,27,16,23,14,25,17,18,2,4,2,24,26,12,7,15,28,23,6,17,15,5,8,26,29,11,13,0,23,7,26,16,11,11,23,5,30,12,14,27,17,28,5,5,16,0,1,18,18,14,3,17,11,11,13,25,25,21,3,4,2,23,13,14,28,14,30,27,18,14,16,7,7,16,9,25,24,0,20,25,14,26,1,8,27,24,8,24,13,21,23
SNP125,20,24,2,9,31,26,7,12,24,23,0,15,13,12,25,14,0,20,5,0,10,6,16,0,22,1,5,20,19,11,10,9,24,29,29,0,24,6,5,6,5,24,17,31,15,19,22,22,12,27,17,2,4,21,21,15,4,28,2,27,11,12,3,6,5,7,14,28,31,18,22,9,28,29,4,16,16,6,19,13,6,18,6,12,14,16,3,2,18,3,6,13,23,16,31,22,20,24,7,12
SNP126,5,2,23,21,19,28,29,4,21,7,13,19,5,12,14,20,27,10,10,20,2,27,24,9,29,5,29,22,0,18,12,24,10,14,5,3,20,0,21,1,19,9,12,24,10,23,18,25,12,25,4,28,12,23,3,3,0,8,13,27,19,0,11,6,29,0,0,26,26,31,8,19,15,26,1,17,25,29,2,17,21,30,26,13,23,21,16,11,30,16,25,23,0,29,14,11,12,6,8,30
SNP127,9,24,13,12,28,20,24,22,25,17,6,31,29,17,30,24,3,14,28,31,9,0,26,4,23,5,29,31,20,18,11,27,3,28,13,15,20,21,18,18,10,6,5,7,4,23,17,15,13,2,2,19,13,12,22,18,23,0,27,3,22,24,26,7,0,6,1,3,20,3,19,26,13,14,0,21,18,8,5,26,14,6,16,6,31,24,6,14,15,18,2,0,25,9,8,6,23,16,9,25
SNP128,18,9,8,19,7,15,23,15,1,24,18,14,11,25,11,12,22,7,19,17,13,12,0,26,19,1,26,4,12,29,8,27,6,23,14,26,8,17,6,2,11,0,14,26,7,13,29,2,0,30,25,5,11,28,1,20,18,20,1,17,12,15,6,4,9,10,23,29,2,3,26,10,25,1,1,11,27,8,30,6,29,6,2,31,6,10,16,7,14,17,28,16,27,19,10,15,1,12,18,18
SNP129,1,7,18,4,3,17,0,31,8,21,21,16,10,28,19,0,19,27,27,15,3,15,4,13,24,29,12,9,12,22,7,1,1,7,8,20,8,8,13,18,28,18,12,7,21,0,18,18,2,29,19,27,20,3,17,12,29,1,4,28,10,21,17,23,2,11,18,14,24,6,31,8,31,17,17,15,17,30,16,11,27,13,30,19,24,16,1,3,0,27,14,19,23,12,12,26,13,6,20,24
SNP130,17,6,1,10,29,19,23,3,10,23,8,3,25,31,2,22,27,4,26,25,18,13,7,9,25,25,21,8,6,7,28,4,12,0,22,7,1,22,13,4,23,10,23,29,26,15,26,10,13,24,27,5,22,11,11,4,24,24,21,4,23,20,17,1,25,30,20,9,23,7,19,2,6,24,10,23,8,2,21,2,7,11,22,31,20,10,10,19,4,1,2,16,3,18,18,22,5,29,21,18
SNP131,0,4,25,28,24,7,7,15,21,18,7,30,3,10,24,22,25,1,13,10,8,16,26,13,31,28,14,4,1,13,5,3,14,8,16,28,10,8,4,11,28,4,11,2,14,25,0,3,6,10,19,22,0,14,8,31,28,21,29,7,13,23,30,11,3,27,6,12,25,30,10,9,21,30,27,23,20,29,15,18,21,18,4,22,9,26,12,5,31,26,15,22,1,10,15,24,4,12,2,9
SNP132,5,17,29,4,20,4,30,10,23,22,8,30,17,25,2,0,4,31,25,7,23,14,11,4,7,12,22,22,15,22,20,14,15,23,11,15,25,24,11,28,8,25,15,1,24,8,30,17,24,23,2,23,18,10,8,5,8,7,6,19,28,15,11,15,3,11,9,27,31,21,20,26,24,14,24,5,30,16,8,6,5,31,16,2,29,26,20,13,3,17,1,18,24,29,30,16,24,22,7,20
SNP133,3,6,13,24,5,13,29,23,17,8,6,24,7,25,30,30,2,13,0,1,18,0,10,30,19,6,20,20,16,0,21,1,31,7,25,22,0,1,17,26,21,17,23,26,1,26,31,26,9,4,17,10,7,1,0,0,11,0,15,30,2,24,7,29,27,6,0,31,11,5,13,27,21,2,14,23,26,20,26,9,14,23,14,29,13,22,20,19,18,3,14,8,22,2,27,23,0,20,21,12
SNP134,14,7,24,19,6,30,11,12,16,20,29,19,26,5,17,5,1,11,25,17,28,2,21,20,9,11,13,5,26,27,22,5,2,4,7,15,22,2,8,8,10,21,22,15,4,4,10,21,8,23,20,5,11,16,19,1,11,25,25,7,20,12,3,29,26,29,20,30,23,31,31,6,9,12,21,11,21,28,4,12,30,8,19,15,31,13,7,19,15,4,15,4,20,22,6,30,6,18,31,18
SNP135,10,26,3,15,22,8,29,31,21,8,20,0,30,3,18,4,2,18,21,31,15,24,25,21,14,13,30,25,12,6,7,29,29,17,6,26,1,19,0,19,16,20,24,20,31,11,19,3,23,19,20,18,6,0,8,6,10,16,12,17,23,28,4,8,7,0,14,1,19,30,24,25,27,8,4,21,5,2,2,26,4,5,28,25,17,14,27,10,4,5,28,0,25,26,27,17,10,24,11,3
SNP136,4,12,14,6,5,23,20,6,9,1,8,16,29,0,31,13,27,23,28,10,28,30,27,3,0,11,2,11,0,7,25,15,2,23,18,6,16,31,4,8,8,19,11,29,22,19,31,31,5,24,20,28,23,17,16,21,5,30,14,3,26,30,0,1,27,18,5,22,25,31,23,26,28,15,16,18,29,23,28,29,26,20,19,25,6,21,24,3,10,20,31,27,8,20,18,30,15,20,23,21
SNP137,17,4,11,15,25,14,12,27,19,10,30,17,20,4,10,24,5,13,6,8,13,1,12,6,3,25,13,18,5,13,6,6,29,13,8,4,9,25,19,2,22,4,7,7,29,2,2,22,21,31,9,30,21,19,12,31,5,3,24,26,6,20,12,23,7,27,6,20,21,1,14,30,25,21,31,21,20,2,22,29,6,26,0,16,5,28,6,3,24,27,29,26,1,27,31,30,7,12,6,31
SNP138,19,5,27,0,28,23,14,4,14,21,21,25,14,28,9,19,21,31,22,26,10,11,24,26,22,31,13,18,23,14,9,11,18,9,5,15,28,14,13,16,18,20,26,17,2,24,21,29,4,21,11,15,21,15,18,23,3,13,24,3,12,0,5,13,24,0,22,10,4,10,31,13,9,6,16,16,27,10,24,25,4,7,17,8,30,26,0,15,20,10,27,9,27,24,2,27,3,30,0,30
SNP139,27,25,30,18,12,23,15,15,30,12,11,29,10,15,6,25,16,4,6,19,7,5,19,27,1,7,17,18,11,31,28,14,27,0,23,15,3,21,11,28,19,21,1,24,3,19,28,30,20,3,2,1,23,19,9,26,8,4,24,7,6,16,17,5,7,20,28,11,6,25,22,4,19,0,0,1,5,18,12,24,2,13,23,3,1,3,22,1,5,5,12,21,20,30,31,9,17,0,16,14
SNP140,8,12,11,26,26,5,16,3,11,22,10,19,3,4,1,18,18,6,0,13,8,27,22,22,31,8,4,9,25,14,15,21,21,12,21,13,27,13,17,5,7,26,29,1,28,31,27,22,22,19,18,7,27,20,10,21,5,28,10,24,4,24,30,11,11,10,22,5,19,19,0,5,11,31,13,31,22,25,4,1,23,25,17,31,7,10,5,13,27,2,27,23,20,17,12,9,26,29,13,25
SNP141,25,13,5,6,4,27,21,18,22,27,23,20,8,1,26,7,0,14,15,16,6,24,15,23,20,2,26,14,22,8,0,9,27,22,23,11,5,16,2,1,9,11,1,8,13,5,12,24,31,8,5,21,27,3,3,24,20,2,6,8,2,24,12,3,6,23,15,13,23,8,14,3,15,28,26,9,3,28,24,30,17,28,1,13,3,7,10,3,25,1,31,31,5,1,6,12,31,19,10,30
SNP142,14,13,19,31,28,5,15,20,3,0,28,28,3,25,24,9,24,20,12,11,12,25,23,12,10,10,21,13,26,11,3,1,22,1,17,10,20,8,21,1,1,13,3,12,0,16,26,21,26,13,7,27,17,16,31,23,7,4,28,3,5,6,3,2,2,15,13,8,4,9,23,15,12,9,13,28,14,28,31,24,27,18,16,7,19,4,2,20,0,21,15,8,12,12,27,29,20,23,1,4
SNP143,12,9,26,20,11,25,14,10,11,3,22,25,11,26,13,11,4,22,23,5,13,10,17,10,20,29,0,29,26,30,19,11,13,18,8,11,12,17,10,29,0,30,22,27,21,30,29,9,31,21,0,29,25,26,30,28,2,25,3,27,21,6,16,1,16,20,7,21,13,24,24,23,18,22,5,16,26,20,25,5,30,27,25,14,6,10,7,12,28,31,24,31,27,9,27,14,9,19,24,17
SNP144,12,17,30,3,0,11,9,3,28,29,8,20,27,1,8,29,2,23,14,20,7,22,29,3,17,26,11,1,13,0,24,9,4,13,15,2,15,17,26,3,23,12,11,1,9,28,28,21,24,15,17,27,3,28,16,15,5,8,22,22,14,29,24,7,22,27,15,16,27,30,8,12,3,22,18,9,6,29,31,6,16,1,4,26,11,29,20,16,7,3,20,20,3,12,25,23,16,23,19,31
SNP145,4,7,25,27,18,6,25,31,20,1,10,16,28,23,6,31,15,2,10,24,3,20,23,16,15,14,18,14,15,16,11,25,26,6,31,28,23,9,8,4,3,21,10,3,21,0,7,26,0,13,16,23,0,0,12,27,18,24,18,14,7,24,3,31,29,14,22,7,23,16,4,10,13,6,20,29,25,12,11,30,7,22,23,18,27,28,13,17,14,29,13,27,5,8,9,22,19,13,10,15
SNP146,13,1,4,21,6,10,9,10,21,7,27,12,31,27,12,15,15,13,7,29,31,24,0,0,22,9,22,9,21,3,26,25,13,14,14,14,2,17,4,10,12,25,2,27,31,31,4,19,7,20,0,26,6,29,26,21,5,9,20,27,15,4,29,28,31,7,30,13,26,1,30,0,22,17,8,29,25,23,18,30,3,10,29,30,17,26,25,19,20,29,25,26,20,14,27,16,29,25,16,12
SNP147,24,15,24,3,15,5,16,31,22,5,6,8,5,6,14,10,14,22,27,10,28,24,26,18,10,1,23,9,28,31,15,15,4,6,8,9,11,9,19,6,29,21,13,6,5,5,20,28,27,31,2,12,16,1,13,28,13,13,21,27,10,17,14,27,17,8,12,5,15,12,27,7,12,17,29,20,2,10,21,15,0,6,23,3,14,13,16,28,10,28,29,24,13,11,21,17,6,16,22,14
SNP148,7,30,16,16,10,11,4,18,5,6,27,29,0,31,20,25,17,29,9,14,17,14,10,25,9,8,29,27,27,11,0,14,2,19,0,0,27,31,9,2,5,22,29,3,7,27,6,1,30,11,30,5,13,1,15,14,23,16,10,23,29,7,17,2,15,7,20,26,11,24,13,25,9,8,5,9,19,9,8,23,31,20,18,25,14,31,0,2,26,17,26,2,10,9,7,5,3,0,7,26
SNP149,18,17,28,2,23,15,24,21,12,1,7,16,14,10,15,28,25,9,22,7,15,3,29,16,1,8,6,21,21,4,11,26,24,17,3,14,25,15,4,18,27,7,4,19,21,31,11,15,6,26,25,14,8,1,31,0,19,21,14,2,3,22,15,27,13,15,30,26,24,13,9,10,27,9,16,26,29,23,11,9,26,24,27,11,3,3,9,5,19,31,10,3,19,4,10,23,2,26,5,26
SNP150,5,24,26,13,11,17,25,10,11,1,18,0,8,16,27,10,31,16,30,7,20,9,8,24,28,21,16,15,8,1,26,30,22,19,0,12,7,6,5,17,17,8,10,14,27,15,7,23,28,19,13,27,20,21,14,0,26,1,25,0,22,31,6,0,16,0,24,20,22,29,25,10,31,24,27,24,27,15,12,7,1,21,2,20,24,23,7,14,9,16,5,29,20,0,13,1,8,25,12,12
SNP151,10,28,18,5,18,12,8,13,10,20,23,17,17,24,12,2,1,23,5,29,1,14,27,10,6,27,26,6,25,6,26,12,0,5,17,22,10,9,10,11,8,18,4,1,18,7,17,0,8,7,3,8,10,16,21,11,1,1,15,24,13,8,14,25,28,4,27,27,2,22,12,17,27,30,4,11,15,24,16,1,21,2,16,30,23,28,16,3,26,19,25,9,28,24,11,3,4,0,19,6
SNP152,5,25,3,2,29,15,9,25,22,14,23,7,7,2,24,10,19,7,3,9,18,30,21,16,10,0,28,1,29,3,27,10,1,1,13,26,9,22,4,17,7,3,22,24,3,3,22,26,19,17,20,20,24,27,23,25,28,3,19,18,0,18,27,23,2,9,8,18,2,27,6,20,8,10,29,6,26,26,8,2,10,4,1,23,9,23,0,9,12,19,13,25,7,6,3,9,31,21,12,14
SNP153,10,19,28,10,21,4,24,18,8,11,18,21,9,24,21,21,3,12,8,26,14,1,12,18,16,5,15,17,22,15,13,24,3,10,18,9,10,10,20,21,7,2,23,7,29,19,16,4,16,26,4,4,0,20,29,10,23,1,21,28,17,18,19,25,17,7,20,15,0,19,5,6,28,6,20,9,24,31,28,17,5,4,22,9,3,8,4,27,29,23,18,21,10,6,20,14,25,26,3,26
SNP154,4,15,0,7,21,15,3,1,1,16,30,31,9,24,8,0,8,12,29,10,6,6,16,25,16,17,12,30,11,10,12,13,22,27,20,10,14,31,5,1,23,22,27,1,21,27,2,22,9,31,31,31,15,13,4,12,1,13,3,27,26,24,10,24,12,18,27,3,15,9,23,12,17,1,29,27,7,17,6,1,18,26,19,30,1,12,0,23,15,20,17,12,30,18,11,30,7,12,9,5
SNP155,9,17,8,30,23,26,12,22,10,0,14,27,30,12,17,11,17,28,11,14,12,0,31,29,20,15,19,7,21,29,27,2,11,23,13,10,17,20,13,15,27,28,11,30,21,27,1,10,7,14,28,13,21,31,6,27,5,19,27,9,31,18,16,10,23,15,12,17,19,31,22,1,13,9,13,15,17,28,25,26,7,31,22,22,29,15,1,2,5,14,16,12,8,10,25,6,5,26,8,27
SNP156,3,7,6,19,5,8,3,13,21,1,6,11,6,14,18,10,30,17,9,1,31,18,21,11,19,24,27,18,30,11,31,18,10,13,10,29,15,3,19,7,31,15,20,19,7,2,29,8,6,4,4,29,0,6,11,20,29,20,15,8,22,24,0,17,7,28,6,22,7,18,13,26,17,7,7,1,21,24,16,29,2,2,24,21,6,1,29,24,15,30,25,24,5,12,30,28,12,15,27,19
SNP157,3,23,23,18,10,1,30,26,6,16,12,1,28,6,30,15,11,6,19,3,6,10,22,25,28,18,25,1,15,10,26,18,21,9,1,21,5,16,21,5,26,6,23,25,19,28,0,8,3,5,23,16,9,13,4,26,25,15,8,12,23,22,15,0,21,11,23,29,5,16,18,7,11,13,16,2,24,22,31,7,25,17,14,19,24,31,19,16,21,23,2,21,18,28,1,31,30,25,26,18
SNP158,23,24,15,14,28,14,8,2,10,22,0,20,25,28,30,24,9,21,31,26,12,9,10,7,0,12,10,1,19,14,24,21,22,10,9,30,12,2,21,29,6,15,2,23,18,29,10,25,30,8,26,19,12,21,7,6,15,26,21,10,8,0,6,26,21,31,5,18,2,9,7,28,6,31,31,8,14,25,15,5,12,12,0,1,4,21,31,15,8,27,16,26,10,16,4,15,6,25,27,10
SNP159,4,5,27,5,10,30,13,9,16,2,10,6,26,1,8,28,4,15,25,1,3,16,0,8,11,13,19,11,21,22,8,23,16,31,7,21,9,9,4,15,2,5,19,14,14,28,3,10,7,25,12,23,29,27,13,23,18,24,13,10,1,11,0,14,14,10,25,13,20,19,13,6,11,13,23,24,10,17,18,24,12,1,8,28,19,1,27,19,16,12,11,7,9,12,22,25,8,1,1,17
SNP160,20,14,8,18,11,26,6,9,10,23,0,21,27,24,6,12,1,6,8,6,17,9,4,13,26,15,26,25,27,8,31,26,26,15,13,18,27,5,28,21,11,18,17,28,25,16,7,1,5,31,4,26,1,24,3,7,9,11,10,22,27,26,13,1,3,3,0,16,18,31,16,30,2,6,21,26,0,26,7,14,12,27,28,3,15,17,31,28,31,19,24,25,0,25,19,22,1,30,14,10
SNP161,2,0,22,15,3,15,13,3,17,3,1,27,17,3,30,25,1,20,5,12,25,9,7,25,3,16,10,1,0,15,14,13,20,12,28,29,27,0,6,0,2,28,5,26,11,1,28,7,0,31,15,17,1,19,26,18,20,4,23,29,4,13,4,19,29,7,18,22,8,29,31,16,20,6,3,29,20,22,1,24,20,23,4,4,30,18,5,29,7,28,30,26,6,25,10,11,1,19,28,17
SNP162,29,4,22,8,11,14,13,10,24,9,18,3,3,10,22,30,10,16,29,3,25,31,2,28,21,7,22,27,16,30,13,13,24,10,18,21,17,21,16,22,13,12,25,2,6,2,9,6,26,11,15,13,31,31,4,19,1,9,25,6,21,7,6,21,23,26,31,16,25,6,1,4,5,13,0,29,29,11,27,26,3,29,7,1,8,8,20,29,22,29,3,16,4,11,16,27,11,7,31,14
SNP163,13,31,16,9,29,28,25,25,22,24,1,19,15,15,28,15,0,2,14,21,4,27,10,21,6,21,29,5,5,9,15,2,1,11,2,26,5,5,14,10,26,29,15,28,16,17,6,7,5,6,6,29,4,1,28,24,13,12,31,27,0,8,29,1,27,17,27,30,8,17,23,24,28,12,15,9,29,20,22,11,17,19,13,3,8,12,27,31,18,6,14,2,1,5,7,30,3,6,13,20
SNP164,21,25,15,1,11,19,29,18,0,16,15,3,17,11,28,6,27,25,24,22,29,13,27,22,8,17,0,22,23,15,4,12,17,24,25,29,4,11,15,27,26,13,11,13,24,7,31,30,28,11,23,6,16,30,8,28,27,12,18,21,7,25,21,18,29,6,27,16,15,29,15,31,10,6,10,23,9,27,12,3,21,8,19,15,24,2,15,23,8,7,13,13,4,3,28,20,19,29,21,18
SNP165,18,22,14,31,24,28,30,3,17,27,5,16,1,30,16,10,28,27,15,11,28,20,0,19,28,17,14,16,8,29,4,23,25,11,27,27,24,20,24,30,30,13,4,15,11,13,22,23,12,4,30,12,18,3,4,30,10,12,18,4,20,26,17,21,14,0,0,30,2,17,15,3,3,20,16,22,29,26,0,8,5,0,22,3,29,2,17,2,25,29,27,10,26,14,24,27,22,20,28,30
SNP166,25,17,13,16,7,10,26,10,9,15,12,9,3,16,30,1,25,21,9,24,15,8,15,22,8,23,15,11,7,29,2,6,18,29,24,8,26,7,15,30,31,28,10,10,3,16,18,11,5,5,18,1,11,9,31,3,2,17,13,11,2,26,19,0,16,22,26,27,22,9,9,17,10,17,27,26,22,17,29,29,21,2,30,9,4,15,6,26,10,31,26,18,24,23,19,19,25,30,30,7
SNP167,31,7,23,4,31,19,6,27,2,20,28,8,31,13,24,30,15,19,23,30,11,22,20,30,28,15,18,17,21,31,16,9,6,12,25,23,0,16,8,4,30,16,20,28,14,25,2,29,24,14,18,15,22,18,13,11,18,15,2,22,21,1,23,4,12,23,13,18,21,26,9,1,19,26,4,0,8,0,18,7,17,30,29,30,20,31,11,29,19,30,23,0,5,30,29,28,11,17,19,24
SNP168,12,8,13,7,7,10,31,0,2,6,28,21,28,17,26,4,22,29,19,0,28,16,17,5,11,10,27,26,7,5,12,11,18,13,30,27,2,5,24,18,6,30,13,12,19,14,14,17,24,5,24,12,10,11,29,4,14,2,26,16,9,18,24,12,20,3,14,5,29,22,29,16,26,10,6,20,15,18,26,25,15,2,9,25,27,13,26,5,13,7,12,11,16,15,25,3,17,14,23,4
SNP169,10,11,29,19,10,26,15,18,14,28,10,17,27,22,6,1,22,23,16,17,22,21,12,13,30,30,3,5,14,1,29,31,5,14,9,27,3,2,28,5,26,27,11,24,10,11,2,30,21,3,19,28,0,29,20,13,6,1,4,26,28,7,2,24,22,5,28,2,29,4,9,14,27,10,8,24,8,7,22,18,2,22,3,21,5,18,1,30,24,23,6,2,4,26,14,1,20,16,23,20
SNP170,3,23,3,15,31,2,17,14,4,25,6,4,19,26,10,10,24,19,28,18,29,27,4,29,24,9,18,11,4,13,23,18,29,9,6,28,5,0,17,8,20,25,7,12,20,15,2,17,11,26,3,8,2,9,31,28,5,2,15,31,3,2,3,12,12,14,22,2,31,21,6,26,3,2,27,1,16,6,10,31,4,7,8,1,29,27,26,25,4,5,29,23,13,5,14,15,16,0,23,25
SNP171,11,15,15,6,13,20,10,9,24,26,1,15,18,24,20,25,2,6,24,29,10,5,9,8,22,0,19,7,29,3,16,6,30,9,11,4,17,2,26,25,4,8,5,0,16,12,1,30,19,14,11,9,25,3,28,30,12,4,2,20,11,4,13,14,3,14,31,19,2,12,31,31,26,0,6,25,5,2,28,31,19,9,31,7,22,27,11,5,1,14,14,8,30,10,31,7,2,31,23,26
SNP172,30,9,8,31,4,29,14,6,28,11,1,2,26,6,5,30,8,29,21,14,25,13,4,31,8,30,13,5,16,11,9,12,29,6,10,17,15,16,29,8,6,30,8,4,21,25,3,4,0,19,15,10,8,28,29,5,25,25,6,18,17,9,9,18,9,9,12,14,11,19,16,20,21,10,2,10,2,2,28,22,24,27,9,18,18,8,8,11,9,15,4,3,26,30,4,15,17,7,8,31
SNP173,23,17,19,13,24,10,14,26,6,3,13,27,26,30,5,5,10,3,4,13,29,0,1,22,17,24,15,3,2,23,31,10,12,9,10,19,30,7,18,9,9,6,11,25,30,6,17,6,29,9,28,17,29,2,1,31,20,4,30,10,24,12,27,9,18,28,2,31,9,27,0,11,25,30,22,25,24,13,26,1,30,12,12,25,14,22,22,11,11,15,25,0,30,4,27,21,4,21,0,30
SNP174,27,29,23,12,0,17,30,27,26,30,17,30,15,12,23,0,26,31,16,14,9,14,28,8,9,4,20,20,22,22,25,11,7,6,21,9,27,14,9,29,29,22,17,25,1,6,6,29,15,13,15,20,22,4,17,19,10,23,18,31,12,5,24,10,3,1,11,4,3,22,10,25,31,13,6,13,19,11,29,4,0,31,9,4,2,6,20,15,27,23,27,5,27,10,27,15,15,24,8,29
SNP175,8,27,12,21,12,29,13,0,28,24,9,23,18,23,23,17,24,7,25,30,22,23,8,30,29,24,25,9,3,14,28,17,28,5,7,1,16,12,4,4,1,10,31,14,31,22,11,15,20,0,26,4,19,4,16,30,27,24,12,20,10,10,21,0,26,17,25,13,26,30,13,7,3,9,22,0,26,7,4,15,18,29,7,31,20,13,24,7,21,3,21,16,0,10,23,3,17,29,28,5
SNP176,14,25,14,11,22,4,17,16,7,8,29,27,28,9,12,1,24,29,8,2,25,2,0,29,19,25,22,23,3,2,22,16,23,22,31,11,7,31,9,10,7,8,31,30,22,23,9,27,20,22,12,26,14,30,4,2,3,23,22,18,29,11,0,29,11,1,27,4,16,6,31,24,9,20,9,7,4,3,11,22,10,26,5,8,3,31,2,5,28,16,4,31,0,24,21,3,22,29,30,23
SNP177,19,6,29,11,24,6,6,21,14,29,31,18,6,27,23,0,31,6,25,18,8,26,17,21,25,8,9,16,11,25,21,17,2,1,15,1,13,20,31,10,17,26,19,26,9,27,3,15,4,21,7,27,27,24,4,19,2,17,4,20,16,18,21,22,12,18,2,6,26,5,11,0,26,30,0,11,2,11,15,17,18,9,24,15,15,10,25,14,21,21,10,14,24,11,13,7,0,11,28,19
SNP178,9,23,14,16,11,5,31,6,18,16,24,7,7,26,15,11,26,10,6,16,29,1,4,16,30,23,31,3,10,9,13,8,27,11,23,31,8,5,3,15,28,22,17,19,3,26,27,6,24,1,11,9,11,18,5,30,24,7,14,26,1,10,18,21,23,7,3,7,21,26,8,29,6,18,30,14,3,20,4,6,8,9,10,27,0,0,16,10,9,2,19,30,13,16,30,7,9,5,25,13
SNP179,18,19,27,27,4,27,7,25,10,12,23,25,24,15,5,28,28,4,16,27,8,14,28,30,9,0,15,4,7,11,11,2,12,6,11,16,18,29,27,1,5,10,14,20,19,12,4,15,28,19,26,4,18,29,27,15,29,14,24,24,1,8,9,9,11,16,23,10,14,1,12,22,19,29,19,14,16,23,26,5,7,0,28,13,19,6,18,23,4,11,4,10,4,31,7,24,5,24,14,1
SNP180,30,24,13,4,6,24,26,3,1,24,15,31,28,28,7,14,5,25,2,29,5,23,2,1,7,27,26,6,20,27,31,25,25,25,18,7,19,0,17,19,19,5,13,9,27,6,15,5,30,1,29,4,1,10,12,15,16,11,23,7,18,14,23,6,18,18,29,18,27,11,17,8,25,30,28,10,23,11,26,25,30,10,23,14,29,31,10,3,0,23,22,6,23,6,11,5,19,31,10,30
SNP181,14,9,5,28,28,28,25,30,7,5,21,5,2,15,18,17,30,2,0,22,22,17,25,15,18,24,23,3,16,11,30,6,5,14,21,16,22,21,7,24,9,9,6,25,12,25,12,16,5,23,5,5,8,22,21,29,22,3,18,6,3,18,29,20,20,16,3,25,16,21,27,7,22,17,20,1,9,29,18,12,11,14,5,18,30,29,15,17,21,30,11,20,3,15,2,26,0,15,28,19
SNP182,0,4,7,23,24,1,23,26,4,0,2,15,20,16,19,19,20,8,20,16,1,6,3,8,7,26,9,26,23,12,7,25,18,18,31,15,2,27,31,30,7,14,2,25,28,17,19,19,17,14,26,10,20,29,25,24,29,20,23,30,7,15,16,22,9,13,30,31,28,3,30,23,25,0,22,22,28,21,26,2,4,16,4,0,9,1,20,1,29,31,12,31,31,30,18,20,9,28,7,15
SNP183,3,10,17,14,5,28,0,18,25,13,20,15,26,17,14,4,16,21,6,19,28,29,15,16,15,0,26,7,16,20,22,10,6,25,12,20,2,12,15,16,6,4,24,2,12,7,2,4,20,25,12,1,10,31,3,15,5,21,9,5,4,3,31,7,20,27,31,13,19,1,13,21,16,21,9,4,5,1,21,7,2,24,11,18,6,17,10,22,1,21,6,11,3,16,3,13,30,18,16,31
SNP184,4,21,22,4,18,0,23,16,12,26,19,16,25,29,13,2,30,2,25,10,7,22,27,0,5,17,25,14,13,11,30,23,19,19,29,13,12,10,13,26,16,4,0,7,28,22,19,24,20,15,1,6,4,22,8,14,2,26,30,14,31,31,3,7,9,16,21,5,14,31,27,16,1,22,12,26,1,22,25,1,12,30,30,24,18,31,6,2,4,30,13,8,26,6,1,25,14,15,13,24
SNP185,24,6,29,3,23,15,12,6,18,25,5,25,17,20,8,7,2,8,18,7,9,28,18,24,25,4,21,15,3,5,1,23,22,26,21,23,11,15,24,11,15,1,15,21,10,5,15,23,2,3,12,26,15,24,12,22,28,7,10,7,25,17,2,9,20,0,9,21,11,9,11,24,13,24,12,2,10,7,28,18,31,4,23,11,13,2,27,19,13,22,1,0,1,13,21,4,25,24,24,23
SNP186,26,31,15,13,28,13,19,27,29,21,24,4,10,8,2,10,20,11,15,3,8,9,1,16,12,17,4,9,11,15,1,15,3,28,2,14,25,15,17,22,23,15,21,3,20,28,27,31,4,22,17,13,14,2,8,10,5,25,7,17,2,28,29,8,15,26,30,10,6,13,29,1,21,20,4,19,15,17,13,23,7,28,31,9,7,6,23,30,23,16,8,17,27,3,18,0,25,22,31,22
SNP187,0,4,27,10,9,29,17,29,3,16,17,26,19,6,1,3,26,1,10,29,8,22,11,3,18,19,29,18,23,11,2,13,29,26,20,24,7,2,15,12,23,24,9,18,4,25,20,12,30,15,23,26,30,16,6,30,12,8,27,29,3,3,30,20,30,0,4,14,14,8,7,3,22,16,12,29,24,11,21,12,13,5,21,26,28,26,15,2,23,19,31,26,14,6,28,28,24,12,25,12
SNP188,11,19,7,16,12,10,26,17,19,4,9,6,26,0,9,22,13,13,8,19,22,1,28,23,12,30,24,31,14,22,1,11,6,2,13,8,3,13,10,22,22,22,28,27,23,4,8,16,6,6,8,30,12,14,5,2,27,13,6,11,2,13,23,3,27,11,26,9,27,5,22,25,5,20,21,22,30,30,0,24,24,0,27,27,10,31,11,8,6,25,18,24,31,4,24,21,16,3,6,2
SNP189,0,15,5,26,8,25,15,22,18,15,6,7,2,2,6,24,9,23,19,4,6,20,24,6,23,25,11,7,2,21,5,22,24,2,16,7,2,22,20,25,28,2,3,12,27,9,3,18,29,6,11,12,4,2,15,6,9,26,19,18,5,3,11,25,14,28,14,10,31,28,19,19,26,11,31,12,19,18,0,14,18,28,30,11,16,20,3,9,27,3,6,21,13,10,20,19,30,15,9,12
SNP190,10,18,8,10,27,13,20,15,19,20,21,18,16,25,5,24,6,8,0,1,31,17,9,12,11,23,21,20,5,28,27,19,22,30,17,29,18,7,9,27,16,29,30,1,3,15,30,19,3,29,25,0,8,23,18,13,6,19,8,5,22,30,5,20,21,26,15,22,14,14,12,20,21,2,27,8,20,23,19,31,10,19,10,6,19,5,1,29,16,6,18,29,18,9,1,30,21,24,28,7
SNP191,8,30,26,6,8,10,11,23,10,10,23,30,5,26,13,15,2,23,13,29,8,14,14,1,26,4,3,20,15,26,10,1,6,31,19,6,24,13,22,0,27,23,28,19,4,22,12,18,20,27,11,0,3,3,0,23,4,0,4,6,12,27,27,17,0,15,8,30,10,12,22,25,29,21,22,4,25,17,17,22,13,17,26,31,8,28,7,9,29,16,19,29,3,13,24,20,15,24,19,18
SNP192,30,21,26,21,26,19,27,30,16,12,3,26,18,12,24,10,31,17,1,14,4,8,12,6,14,9,24,0,24,14,24,22,18,2,24,8,29,11,12,23,9,29,1,17,26,17,0,20,27,29,28,29,13,28,0,17,5,29,29,3,19,23,25,31,16,12,17,16,5,12,9,5,9,17,24,12,2,8,18,14,21,19,4,9,6,3,0,25,5,16,27,16,17,16,1,28,17,4,5,16
SNP193,28,11,6,22,19,22,3,27,16,11,30,20,26,14,18,4,19,4,21,26,18,10,12,11,1,9,7,31,26,30,15,24,24,31,18,11,18,27,29,18,17,24,30,22,29,13,11,4,13,7,22,11,13,23,10,17,29,18,17,7,30,11,11,21,12,29,19,20,3,4,12,31,20,25,11,3,28,18,14,28,25,13,10,16,9,28,17,31,25,21,31,14,17,13,15,30,6,9,15,6
SNP194,18,0,14,30,28,29,7,23,22,17,31,19,25,10,29,6,26,1,0,28,24,3,27,24,10,11,12,24,31,17,17,11,5,1,4,11,28,24,7,16,22,8,11,4,4,1,6,21,23,0,10,27,30,5,2,28,31,2,19,15,18,30,22,10,21,30,16,22,11,4,23,4,30,9,4,4,28,2,6,3,15,23,19,14,2,21,31,0,1,29,14,17,18,13,8,25,26,2,25,22
SNP195,30,24,8,7,20,9,4,21,29,31,21,19,11,7,26,8,29,31,0,17,25,11,14,24,17,15,12,31,3,15,0,22,5,0,1,27,6,26,6,27,29,17,21,15,17,29,9,29,4,30,26,18,31,8,31,2,14,14,7,11,5,25,17,29,30,1,21,13,2,15,13,13,24,26,17,28,6,17,29,31,26,15,20,14,3,9,28,27,27,22,4,31,0,2,31,10,10,26,25,19
SNP196,3,8,8,2,28,18,28,25,15,12,0,30,30,31,29,7,2,7,28,30,13,1,31,29,15,25,13,22,6,4,14,1,9,2,20,0,6,30,5,29,26,4,31,16,21,14,31,4,18,23,30,28,28,19,19,15,2,8,20,1,22,2,0,8,29,8,19,8,14,9,13,2,27,2,2,7,15,7,12,8,10,5,24,11,14,26,8,20,2,21,12,6,18,16,20,11,6,15,19,11
SNP197,15,24,14,27,5,26,13,13,28,26,18,29,7,20,8,6,30,25,24,26,12,18,25,0,9,0,3,6,2,17,19,1,4,6,19,17,23,29,11,13,19,17,15,23,17,1,13,26,13,29,9,2,24,28,21,14,16,15,14,23,12,18,28,23,9,13,4,20,21,1,30,0,14,28,12,11,6,4,11,30,11,4,25,29,2,1,8,26,17,2,27,30,9,24,13,21,21,6,10,6
SNP198,1,12,30,30,28,17,24,9,3,14,1,11,31,31,21,28,1,24,29,6,8,24,12,13,2,31,21,11,13,10,5,29,28,13,25,11,20,21,27,11,5,1,14,4,12,19,22,28,16,17,23,31,17,1,14,23,12,13,4,11,30,6,24,22,18,3,5,23,3,22,9,19,11,16,8,9,30,22,7,25,13,1,12,29,27,9,18,8,7,24,16,23,29,7,1,12,27,27,19,9
SNP199,28,29,11,24,28,15,11,24,20,17,24,12,1,5,30,27,12,12,19,21,5,2,29,27,8,13,9,13,29,3,20,11,13,13,8,18,14,15,24,3,5,22,3,20,29,23,9,25,8,28,29,13,6,9,10,28,28,26,29,4,4,22,4,3,16,30,21,3,27,3,29,0,12,21,8,10,14,23,24,11,4,5,9,10,29,27,8,28,2,23,0,1,19,14,24,6,2,2,19,8
SNP200,12,12,7,16,27,3,11,7,8,0,31,23,24,1,2,25,28,17,7,11,24,25,30,5,0,7,15,21,29,3,6,24,27,29,21,22,9,19,6,1,29,13,21,28,16,10,15,28,28,12,23,22,27,1,4,23,5,10,15,4,4,15,26,25,1,31,7,24,27,22,13,21,17,16,10,27,21,25,2,6,10,26,8,22,0,0,30,5,16,28,11,8,18,4,15,20,3,25,10,14
